# 1 Hybird Metropolis method for Square Ising System
# 2 System size L=1000; N=1000000
# 3 Kernel size KERNEL_L=3; KERNEL_N=9
# 4 Exchange integral J=1
# 5 MC Steps. Heatup=25000; Main=1000000
# 6 T	<E>	<E^2>	<M>	<M^2>	step	seed
0.001	-2	4	1	1	100000	58
0.1	-2	4	1	1	100000	59
0.2	-2	4	1	1	100000	60
0.3	-1.99999999997631	3.99999999990424	0.999999999994078	0.999999999987155	100000	61
0.4	-1.99999998275431	3.99999993101696	0.999999995688577	0.999999991376237	100000	62
0.5	-1.99999910357369	3.99999641430216	0.999999775807204	0.999999551613961	100000	63
0.6	-1.99998697862267	3.99994791476409	0.999996740475026	0.999993480966721	100000	64
0.7	-1.99991204110068	3.99964817284605	0.999977936125252	0.99995587278121	100000	65
0.8	-1.99962921864816	3.99851701505713	0.999906657808988	0.99981332452131	100000	66
0.81	-1.99958005396353	3.99832039560056	0.999894231575265	0.999788474554971	100000	67
0.82	-1.99952578799693	3.9981033807079	0.999880510592052	0.999761035708398	100000	68
0.83	-1.99946564878408	3.99786288499749	0.999865288475415	0.999730595376078	100000	69
0.84	-1.99940000956291	3.99760040308893	0.999848664050172	0.999697351315587	100000	70
0.85	-1.99932778863248	3.99731161183965	0.99983035386	0.999660736850931	100000	71
0.86	-1.99924914754805	3.99699716006841	0.999810406685573	0.999620849710778	100000	72
0.87	-1.9991625310223	3.99665083225047	0.999788409665247	0.999576864542249	100000	73
0.88	-1.99906878815975	3.99627602737722	0.999764590055775	0.999529236021757	100000	74
0.89	-1.99896688736674	3.99586862520941	0.99973866878055	0.999477406403388	100000	75
0.9	-1.99885623816463	3.99542627017191	0.999710498619538	0.99942108165856	100000	76
0.91	-1.99873675208228	3.99494861441392	0.999680040406897	0.999360183860904	100000	77
0.92	-1.99860726452956	3.99443100918124	0.999647000994379	0.999294127341485	100000	78
0.93	-1.9984679798835	3.99387427909897	0.999611434437108	0.999223020677729	100000	79
0.94	-1.99831794764991	3.99327463364774	0.999573068054092	0.999146319285285	100000	80
0.95	-1.99815657956627	3.99262973153905	0.999531761187385	0.999063742618991	100000	81
0.96	-1.99798326674138	3.991937150709	0.999487351583486	0.998974967071589	100000	82
0.97	-1.99779765387403	3.99119548392351	0.99943972650838	0.998879768126482	100000	83
0.98	-1.99759881030111	3.99040102662579	0.999388642136962	0.998777659346953	100000	84
0.99	-1.99738651398064	3.98955290772975	0.999334041869691	0.998668528678123	100000	85
1	-1.99716064686504	3.988650672741	0.999275866756154	0.998552259448577	100000	86
1.01	-1.99691852439766	3.98768361841738	0.999213418261563	0.998427456938856	100000	87
1.02	-1.99666238890081	3.9866607227913	0.999147269432165	0.998295267873696	100000	88
1.03	-1.99638962071176	3.98557154750646	0.999076726619843	0.998154307695309	100000	89
1.04	-1.99609942561812	3.98441294928332	0.999001564464426	0.998004128002301	100000	90
1.05	-1.99579181486716	3.98318500312862	0.998921776799259	0.997844718542796	100000	91
1.06	-1.99546740841281	3.98189021573445	0.998837494444299	0.997676342891152	100000	92
1.07	-1.9951223469735	3.98051321997427	0.998747708767082	0.997496988558114	100000	93
1.08	-1.99475896219321	3.9790633608962	0.998653020305585	0.997307857980131	100000	94
1.09	-1.9943742022794	3.97752850570455	0.998552555608035	0.997107209569087	100000	95
1.1	-1.99396859869333	3.97591082282398	0.998446496587037	0.996895410045375	100000	96
1.11	-1.99354205345185	3.97420997281243	0.998334758676731	0.996672294153167	100000	97
1.12	-1.99309301830959	3.97241983750123	0.99821688933388	0.996436962216487	100000	98
1.13	-1.99262000213266	3.97053453502097	0.998092542082552	0.996188726939267	100000	99
1.14	-1.99212408562867	3.96855843877804	0.997961897296106	0.995927953149216	100000	100
1.15	-1.99160297485147	3.96648247998707	0.997824359885888	0.995653458204515	100000	101
1.16	-1.99105492391062	3.96429978537237	0.997679451896716	0.995364294122073	100000	102
1.17	-1.99048218904703	3.96201942519958	0.997527660301271	0.995061438834217	100000	103
1.18	-1.9898822456811	3.9596314370973	0.997368359379649	0.994743650459632	100000	104
1.19	-1.98925406819599	3.9571318386491	0.997201220327124	0.994410280412531	100000	105
1.2	-1.98859614639131	3.95451473003401	0.997025737597355	0.994060328477692	100000	106
1.21	-1.98791014568189	3.9517868498888	0.996842402141992	0.993694782238792	100000	107
1.22	-1.98719317036655	3.94893680505164	0.996650322178565	0.993311872717754	100000	108
1.23	-1.98644434488541	3.94596125084823	0.996449231564738	0.992911079655085	100000	109
1.24	-1.98566546644078	3.94286746727543	0.996239668716772	0.992493486673839	100000	110
1.25	-1.98485138203805	3.9396351382778	0.996020048633079	0.992055946991573	100000	111
1.26	-1.98400420964654	3.93627284100579	0.995790811200167	0.991599350021282	100000	112
1.27	-1.98312299265689	3.93277694911008	0.995551944861172	0.991123685934418	100000	113
1.28	-1.98220608318164	3.92914110911374	0.995302652730333	0.990627382217659	100000	114
1.29	-1.98125190649428	3.92535927900583	0.995042510383702	0.990109609930722	100000	115
1.3	-1.98026125014676	3.92143478930392	0.994771706146424	0.989570760546072	100000	116
1.31	-1.97923150069875	3.91735751334524	0.994489463162485	0.989009306366866	100000	117
1.32	-1.97816196855486	3.9131249634147	0.994195514077122	0.988424735090317	100000	118
1.33	-1.97705355855053	3.90874097332208	0.993890045032351	0.987817437407181	100000	119
1.34	-1.97590322782136	3.90419377540569	0.993571873108159	0.987185083734202	100000	120
1.35	-1.97471187100577	3.89948719477308	0.993241452856756	0.986528601433037	100000	121
1.36	-1.97347749140299	3.89461364161591	0.992898087633078	0.985846631210804	100000	122
1.37	-1.97219878299981	3.88956828350255	0.992541222333964	0.985138097884804	100000	123
1.38	-1.97087499148868	3.88434848841019	0.992170576177858	0.984402473272313	100000	124
1.39	-1.9695053754444	3.87895169322437	0.991785838879999	0.983639172487911	100000	125
1.4	-1.9680902402341	3.87337947570452	0.991386993619041	0.982848194640924	100000	126
1.41	-1.96662611923369	3.86761858961223	0.990972834681797	0.982027184042168	100000	127
1.42	-1.96511242444324	3.86166715034751	0.99054319466713	0.981175846755125	100000	128
1.43	-1.96354904185916	3.85552516491213	0.990097889840033	0.980293859286114	100000	129
1.44	-1.96193465246778	3.84918792123278	0.989636323447979	0.979380082109457	100000	130
1.45	-1.96027053915221	3.84266094255262	0.989158889631877	0.978435339942799	100000	131
1.46	-1.95854979560091	3.83591767370286	0.988663029637389	0.977454618872545	100000	132
1.47	-1.95677413247786	3.82896539566347	0.988149525716716	0.976439519814992	100000	133
1.48	-1.95494556441212	3.82181256610526	0.987618459186078	0.975390257366133	100000	134
1.49	-1.95305914455996	3.81444044764799	0.987068365403666	0.974303996556752	100000	135
1.5	-1.95111576260721	3.80685316222603	0.986499329817151	0.973180968275532	100000	136
1.51	-1.94911636484444	3.79905506675694	0.98591161157499	0.972021748644898	100000	137
1.52	-1.94705063861332	3.79100667465633	0.9853012903129	0.970818678034434	100000	138
1.53	-1.94492883147332	3.78274866329945	0.984671825201634	0.969578650985948	100000	139
1.54	-1.94274111631984	3.77424357237278	0.984019781546449	0.968294980882709	100000	140
1.55	-1.94049085162389	3.7655052919655	0.983346055882188	0.966969518438873	100000	141
1.56	-1.93817701326914	3.75653070566741	0.982649641205895	0.965600373181148	100000	142
1.57	-1.9357975880974	3.74731289912597	0.981930487798359	0.964187542022723	100000	143
1.58	-1.93334908133733	3.7378392895771	0.981186065533734	0.962726157257634	100000	144
1.59	-1.93083084233625	3.72810838718168	0.98041707892396	0.961217714165278	100000	145
1.6	-1.92824197732295	3.7181177954575	0.979621954552836	0.959659242951677	100000	146
1.61	-1.92558006034749	3.70785926925888	0.978800286272786	0.958050073369602	100000	147
1.62	-1.92285386374911	3.6973677100266	0.977954197949533	0.956394490148203	100000	148
1.63	-1.92004175081709	3.68656108069419	0.977076378174078	0.954678329587468	100000	149
1.64	-1.91715758676623	3.67549399693984	0.97617087918032	0.952909670444423	100000	150
1.65	-1.91419462571405	3.66414188083579	0.975235121871771	0.951083632822917	100000	151
1.66	-1.91115617297249	3.65251876631428	0.974269732095893	0.949201605723752	100000	152
1.67	-1.9080383316574	3.64061115503898	0.973272823906665	0.947260089462018	100000	153
1.68	-1.90483490064672	3.62839691601406	0.972242370634803	0.945255332849446	100000	154
1.69	-1.90154314095672	3.61586726864342	0.971176386571105	0.943183685347379	100000	155
1.7	-1.89817092414224	3.60305384664565	0.970076962691654	0.941049431289032	100000	156
1.71	-1.89471327943846	3.58993943613332	0.968942442213393	0.938849580442437	100000	157
1.72	-1.89116310253342	3.57649894788977	0.967768759558352	0.936576503472193	100000	158
1.73	-1.88752342305925	3.56274577438033	0.966557746152874	0.934234014619818	100000	159
1.74	-1.883784538512	3.54864533094079	0.965303686067396	0.931811352130397	100000	160
1.75	-1.87995457578309	3.53423039589823	0.964008736757827	0.92931299898754	100000	161
1.76	-1.87602990931049	3.51948945270801	0.96267281385475	0.926739109757116	100000	162
1.77	-1.87200131256573	3.50439019124956	0.961289646500278	0.924077957343248	100000	163
1.78	-1.86787460578882	3.48895686851047	0.959861951428019	0.921335148563742	100000	164
1.79	-1.86364216294395	3.47316347809311	0.958384080560171	0.918500238699139	100000	165
1.8	-1.85930300130183	3.45700907637377	0.95685626991053	0.915574126307767	100000	166
1.81	-1.85485814325048	3.44050020264705	0.955278417524714	0.912557071495685	100000	167
1.82	-1.85029782308463	3.42360356453886	0.953643103438857	0.909435398848893	100000	168
1.83	-1.84563023855073	3.40635256186084	0.951954875449623	0.906218328811137	100000	169
1.84	-1.84084139348064	3.38869867285785	0.950204142274814	0.902888169832678	100000	170
1.85	-1.83593438166698	3.37065675390684	0.948393332524366	0.899450187960312	100000	171
1.86	-1.83089989767861	3.35219619856508	0.946515419368168	0.89589173104125	100000	172
1.87	-1.82574707266519	3.33335420276271	0.944572661778949	0.892217824657937	100000	173
1.88	-1.8204604102245	3.3140779901632	0.942558438944468	0.888416740999163	100000	174
1.89	-1.81503814035652	3.29436540925989	0.94046862900024	0.884481594707533	100000	175
1.9	-1.809488430319	3.27425041217625	0.938303425835327	0.880413695760745	100000	176
1.91	-1.80379840964934	3.25369080385205	0.936056161281738	0.87620153821681	100000	177
1.92	-1.79796210370855	3.23266990795957	0.933722273624591	0.871837715040136	100000	178
1.93	-1.79197908385538	3.21119129224767	0.931299964991634	0.867320084281907	100000	179
1.94	-1.78584455119497	3.18924309685254	0.928779114066702	0.862631133382654	100000	180
1.95	-1.77955134922329	3.16680542442114	0.926159815336722	0.857772531609376	100000	181
1.96	-1.77310221696156	3.14389398989869	0.923434985413043	0.852732742334097	100000	182
1.97	-1.76647893565261	3.12045043378477	0.920590588132526	0.847487642189953	100000	183
1.98	-1.75968815074429	3.09650508408483	0.91763246566694	0.842050001487379	100000	184
1.99	-1.75270655171759	3.07198305565443	0.914535749535384	0.836376353203796	100000	185
2	-1.74556405742114	3.04699677864887	0.911317534509348	0.830500420188609	100000	186
2.01	-1.73821661974019	3.02140002882781	0.907948237437233	0.824370839254562	100000	187
2.02	-1.73068208649451	2.99526360628601	0.904422965200462	0.817981811421185	100000	188
2.03	-1.72292602352258	2.96847732225594	0.90072340325478	0.811303637328763	100000	189
2.04	-1.71495690481213	2.94108054327994	0.896840984225061	0.804324832227689	100000	190
2.05	-1.70677232628046	2.91307526768416	0.892766555382984	0.797033307149237	100000	191
2.06	-1.69835076680317	2.88439896742386	0.888478508021027	0.789395369245785	100000	192
2.07	-1.68967757574686	2.85501406589175	0.883953155420198	0.78137462046054	100000	193
2.08	-1.68075853711038	2.8249531779392	0.879179842784626	0.772958790431482	100000	194
2.09	-1.67156243504444	2.79412503906013	0.874118060866168	0.764084166969959	100000	195
2.1	-1.6620772433194	2.76250501556084	0.86874547617142	0.75472071554891	100000	196
2.11	-1.65229906272659	2.73009661885199	0.863029383027663	0.744821976446676	100000	197
2.12	-1.64219918319004	2.69682277517564	0.856933348404265	0.734337316048185	100000	198
2.13	-1.63176005219838	2.66264569550773	0.850393272696625	0.723171655182657	100000	199
2.14	-1.62094749868826	2.62747586022005	0.843342116147919	0.711229334971773	100000	200
2.15	-1.60975311269733	2.59131033562326	0.83575395376358	0.698488582653406	100000	201
2.16	-1.5981176579387	2.55398556155992	0.827454137659824	0.684684970726345	100000	202
2.17	-1.58605540951442	2.51557754469255	0.818453611731357	0.669871809881643	100000	203
2.18	-1.57345450042942	2.4757652055634	0.808455119857056	0.653606568513735	100000	204
2.19	-1.56026748386228	2.43444114004075	0.797252703317964	0.635620387200951	100000	205
2.2	-1.54648988561512	2.39163781575898	0.784766564269406	0.615869308192094	100000	1
2.21	-1.5319817864958	2.34697547416492	0.770385157118157	0.593507317356782	100000	2
2.22	-1.51659964350713	2.30008229559831	0.753486455507689	0.567761708788137	100000	3
2.23	-1.50024301322157	2.25073757923797	0.733404214039559	0.537910670984998	100000	4
2.24	-1.48253547444441	2.19792067360874	0.707421093700039	0.500492934599845	100000	5
2.25	-1.46314912045643	2.14081560597251	0.672304576918452	0.452091010909456	100000	6
2.26	-1.44099317064097	2.07647386897311	0.61378253034566	0.377094280316291	100000	7
2.261	-1.43858150801163	2.06952934544989	0.60670423165703	0.368450631634721	100000	8
2.262	-1.43624227014109	2.06280434790534	0.598100223496855	0.358149254186326	100000	9
2.263	-1.43362492708371	2.05529324496222	0.588095353904355	0.346365750394762	100000	10
2.264	-1.430655797695	2.04678944956135	0.570777882257549	0.326754237652942	100000	11
2.265	-1.42809328567296	2.03946456879603	0.557974944095905	0.312469766026171	100000	12
2.266	-1.42511497834743	2.03096746776558	0.540644682155143	0.293484170791866	100000	13
2.267	-1.42195486477351	2.02197089196794	0.518217511999897	0.270292675763463	100000	14
2.268	-1.41933358503739	2.01452286562136	0.494915181047564	0.248424389594889	100000	15
2.269	-1.41633210095738	2.00601224033245	0.483294725811782	0.235820108686989	100000	16
2.27	-1.4112683020017	1.99169586751687	0.348653251499194	0.139366648523036	100000	17
2.271	-1.40839394255743	1.98359061257971	0.275999085190578	0.117093751382807	100000	18
2.272	-1.40506794084428	1.97423415520349	0.300856692112688	0.104513754654681	100000	19
2.273	-1.40145189325889	1.96408153223409	0.136870752781146	0.0465560440536552	100000	20
2.274	-1.39838608340837	1.95549801752799	0.0682682522908002	0.0403016073575397	100000	21
2.275	-1.39618942024594	1.94935923403348	-0.132898906796154	0.0403636241077765	100000	22
2.276	-1.39319857859414	1.94101482359957	0.0463331969831783	0.0213196503850875	100000	23
2.277	-1.39070633392299	1.93407686883065	0.0459730236878906	0.0154525353622532	100000	24
2.278	-1.38865700670855	1.92838064820088	0.0291424375778389	0.0150984066132714	100000	25
2.279	-1.38561973601845	1.91995478312161	-0.0253555809085838	0.009359180573453	100000	26
2.28	-1.38375787755333	1.91479815328864	0.00249315911477107	0.0142103490358924	100000	27
2.281	-1.38148897466452	1.90852400916931	-0.0214774098014397	0.011812692408633	100000	28
2.282	-1.3786481342255	1.9006820718665	-0.00866845566596446	0.00680987686916578	100000	29
2.283	-1.37672676677234	1.89538811480879	0.0161304139096889	0.00493425187757533	100000	30
2.284	-1.37458443028248	1.88949391820414	0.011319649545386	0.0061474100073503	100000	31
2.285	-1.37244668855489	1.88362127775619	-0.00645679327045652	0.00582070900458916	100000	32
2.286	-1.37027698059564	1.87766994970213	0.0156024579793371	0.00538097691130063	100000	33
2.287	-1.36804954808647	1.87157050739319	-0.00147265468625221	0.00374766081758981	100000	34
2.288	-1.36582968516496	1.865501557802	-0.0167709786348695	0.00418567769762406	100000	35
2.289	-1.36408709498968	1.86074426495435	0.0152927577629965	0.00366372418282649	100000	36
2.29	-1.36202549448991	1.85512399557072	0.00118491971705672	0.00345299715581306	100000	37
2.291	-1.35995989187911	1.8495015064009	-0.00127688210296817	0.00248733268106362	100000	38
2.292	-1.3582140345062	1.84475595039652	0.00745331321768405	0.00299939482971612	100000	39
2.293	-1.35604952231773	1.83888062860767	9.09209617396712e-05	0.00268330809981126	100000	40
2.294	-1.35417674602621	1.83380477068899	-0.00362002257289046	0.00245221926047724	100000	41
2.295	-1.35220429775265	1.82846645115859	0.000934380391273946	0.00276095642623494	100000	42
2.296	-1.35030552181522	1.82333495551223	0.000700868794736832	0.00286456543530096	100000	43
2.297	-1.34841070989287	1.81822137168776	-0.0046971241510831	0.00196107335306211	100000	44
2.298	-1.3465406195843	1.81318145937983	-0.000465495186574063	0.00212634476262003	100000	45
2.299	-1.34461676023568	1.80800393963588	-0.00299749786692885	0.00190069504615103	100000	46
2.3	-1.34289686433339	1.80338165767863	-0.00226282556636256	0.00192705855693753	100000	47
2.31	-1.32535713395353	1.75658054994928	0.00237803900258406	0.00114732781047303	100000	48
2.32	-1.30902758824259	1.71356170021177	0.00106511909301026	0.000730871952214938	100000	49
2.33	-1.29373489112293	1.67375802784872	-0.000366775606500146	0.000544314566442132	100000	50
2.34	-1.27923969940985	1.63646200226606	0.00283779746903574	0.000434884280230358	100000	51
2.35	-1.26541156883628	1.6012739101578	6.29581516471236e-06	0.000336515980908491	100000	52
2.36	-1.25211861585943	1.56780823330447	-1.10771972945631e-05	0.000287443299858606	100000	53
2.37	-1.23942104314212	1.53617151743298	0.000869251544599725	0.000247040461563324	100000	54
2.38	-1.2272004672323	1.50602779383017	-0.00012979366201675	0.000211477614783031	100000	55
2.39	-1.2154006087223	1.47720529298927	-0.000362280003791294	0.000183092265433399	100000	56
2.4	-1.20395646712603	1.44951767332793	4.00964137695827e-05	0.000159201511067667	100000	57
2.41	-1.19293795082315	1.42310729538535	0.000184185355911476	0.000137058581868032	100000	206
2.42	-1.18220044598217	1.39760411555582	6.38705314362169e-05	0.000123361191011351	100000	207
2.43	-1.17178386802304	1.37308351508491	0.000256965085769885	0.000112693057377883	100000	208
2.44	-1.16165884606326	1.34945720695244	-0.0002010702740123	0.000102597488171234	100000	209
2.45	-1.15181799547881	1.32669049819945	-0.000161490964170152	9.0526822519277e-05	100000	210
2.46	-1.14221049309182	1.30465054175849	7.19175317413094e-05	8.43946503209137e-05	100000	211
2.47	-1.13286511729588	1.28338898746671	0.000145976274878609	7.9514624967446e-05	100000	212
2.48	-1.12371657688883	1.26274448058178	-3.33712756604668e-06	7.34303888384823e-05	100000	213
2.49	-1.11480597487259	1.24279782179443	-2.14236767484389e-05	6.63891610296631e-05	100000	214
2.5	-1.10608564397787	1.22343083078367	-0.000130041474201553	6.381008926289e-05	100000	215
2.51	-1.09757598558795	1.20467836109318	-7.39274117188895e-05	5.92246428889267e-05	100000	216
2.52	-1.08922421753594	1.18641462028085	-4.32262274728407e-06	5.51907179690346e-05	100000	217
2.53	-1.08105484013057	1.16868473568661	-7.3568229007266e-05	5.22829195083527e-05	100000	218
2.54	-1.07305686146949	1.15145611010183	-6.0710919341047e-05	4.97253610399097e-05	100000	219
2.55	-1.06523868466795	1.13473847935737	-4.0500000442516e-05	4.60257247188901e-05	100000	220
2.56	-1.05755968173726	1.11843746303723	-8.92159814226159e-05	4.37286835236505e-05	100000	221
2.57	-1.05002582436766	1.10255917713921	5.63910678573851e-05	4.14426046089462e-05	100000	222
2.58	-1.04264291043591	1.08710910506018	-5.08888795913284e-05	3.97188977881334e-05	100000	223
2.59	-1.03540508636023	1.07206850251621	-6.85082663964286e-05	3.73304239323279e-05	100000	224
2.6	-1.02828701085523	1.05737893662399	-8.0499355204976e-06	3.53622322081452e-05	100000	225
2.61	-1.02130715311996	1.04307302226256	5.56979654639429e-05	3.41296356520652e-05	100000	226
2.62	-1.01444364529924	1.02910058678164	4.73714261899879e-05	3.28932960287791e-05	100000	227
2.63	-1.00770652859678	1.01547707247352	2.79313359366608e-05	3.14783386637295e-05	100000	228
2.64	-1.00106727207158	1.00214025864728	-9.56253185195585e-06	3.0160965403506e-05	100000	229
2.65	-0.994567074068942	0.989168212162989	1.31354866312223e-05	2.88823585335152e-05	100000	230
2.66	-0.988145403986995	0.976435837066188	-3.69064026302517e-05	2.79914563872073e-05	100000	231
2.67	-0.981842068697568	0.964018310551627	4.52420794631807e-05	2.6849527842063e-05	100000	232
2.68	-0.975643187636496	0.951884048514874	2.5991958051233e-05	2.59302000976963e-05	100000	233
2.69	-0.969539243775905	0.940010724974057	-5.02099621500452e-06	2.50945731643495e-05	100000	234
2.7	-0.96353473726422	0.928403541886885	-1.42069835246258e-05	2.40803339131279e-05	100000	235
2.71	-0.957610445130841	0.917022073650411	1.02489177738613e-05	2.32963684414748e-05	100000	236
2.72	-0.951786797728374	0.905902381771809	1.11000836836792e-05	2.24990844468179e-05	100000	237
2.73	-0.946052442138157	0.89501946393762	8.08025233863425e-05	2.18767296351732e-05	100000	238
2.74	-0.940395381490577	0.884347688499196	-1.0817072661879e-06	2.12751273540961e-05	100000	239
2.75	-0.934822023306704	0.873896392758371	4.45981554454324e-05	2.05335430872502e-05	100000	240
2.76	-0.929335369414118	0.863668381710208	-1.0008466810439e-05	2.01401889865781e-05	100000	241
2.77	-0.92392213328683	0.85363622901331	-2.22106564231509e-05	1.93945306812365e-05	100000	242
2.78	-0.918590104797714	0.843811870124849	-1.01292136244123e-05	1.88757258245952e-05	100000	243
2.79	-0.913327935415815	0.834171975240263	-2.58322753206533e-07	1.82232872203163e-05	100000	244
2.8	-0.90813545818966	0.824714051637562	4.4238901899893e-06	1.78616175358428e-05	100000	245
2.81	-0.903028382344181	0.81546427290906	1.5080313379021e-05	1.75994257121206e-05	100000	246
2.82	-0.897975788534717	0.806364514412908	-3.71243093888816e-06	1.68986924978619e-05	100000	247
2.83	-0.892996566428663	0.797446815137888	-1.77515712601563e-05	1.65188876524213e-05	100000	248
2.84	-0.888080536286856	0.788690984679014	9.28831234280172e-06	1.60670815931832e-05	100000	249
2.85	-0.88323123446332	0.780101324026775	-6.80443661111328e-06	1.56623181826218e-05	100000	250
2.86	-0.878448721825013	0.771676048200076	2.00632561418289e-05	1.5455949452907e-05	100000	251
2.87	-0.873719360656441	0.763389389146651	-2.90595854270414e-06	1.50690661405224e-05	100000	252
2.88	-0.869053200377438	0.755257312756553	-2.76555842948736e-06	1.4646642136657e-05	100000	253
2.89	-0.864447273465439	0.747272918032361	-5.52660042976805e-06	1.44543044900273e-05	100000	254
2.9	-0.859900193627233	0.739432145826864	2.74255296100823e-05	1.40073036152423e-05	100000	255
2.91	-0.855408844288754	0.731728080413815	-1.57561583684662e-05	1.37534838239025e-05	100000	256
2.92	-0.85097049076258	0.724154524116983	-1.89477792509331e-05	1.3629179627965e-05	100000	257
2.93	-0.846581568273156	0.716704103341021	3.9567252873055e-06	1.31540930552536e-05	100000	258
2.94	-0.842246856274906	0.709383488773367	-3.17811775613112e-05	1.2947921016885e-05	100000	259
2.95	-0.837973792608336	0.702203780194207	-1.12865700956178e-05	1.27248034181144e-05	100000	260
2.96	-0.833743546732503	0.695131983525338	1.37011827922245e-05	1.24150526392356e-05	100000	261
2.97	-0.829556974960333	0.688168438207309	-2.59475179431447e-06	1.22707017681231e-05	100000	262
2.98	-0.825435709792456	0.681347753728558	2.94707348281714e-05	1.19788610390327e-05	100000	263
2.99	-0.821340495157827	0.674603832055229	-1.0110693419879e-05	1.17654205231707e-05	100000	264
3	-0.817310026819262	0.667999288736653	-1.60036658692465e-05	1.15328309116998e-05	100000	265
3.1	-0.77932249163209	0.607346992191961	-3.78831805082903e-06	9.80454686283189e-06	100000	266
3.2	-0.745151019364508	0.555253369633207	2.02782998892128e-06	8.50776084485175e-06	100000	267
3.3	-0.714187516065347	0.510067024150646	9.64197499027976e-06	7.49357341628061e-06	100000	268
3.4	-0.68597262122461	0.470561548487453	-4.27105313985736e-06	6.74288271826254e-06	100000	269
3.5	-0.660122431044181	0.435764658598258	-2.17746875668284e-06	6.13873271021504e-06	100000	270
3.6	-0.636332976858794	0.404922621755666	-5.0698599920254e-06	5.62125480069412e-06	100000	271
3.8	-0.593951001255282	0.352780638164113	1.11596319045902e-05	4.83643951120063e-06	100000	272
4	-0.55727394586009	0.310556994719727	-1.7118389934917e-06	4.29054628320236e-06	100000	273
4.2	-0.525156087932346	0.275791578508554	-1.36595103724716e-07	3.85456753052028e-06	100000	274
4.4	-0.496763939482003	0.246777009356449	-8.74069129986723e-06	3.51625337652745e-06	100000	275
4.6	-0.471456983126967	0.222274220254348	-2.79169494611753e-06	3.25782106424106e-06	100000	276
4.8	-0.448746452257173	0.201375866736491	-1.19797827859174e-06	3.03275441411183e-06	100000	277
5	-0.428224843305297	0.18337895440201	-3.49011467099372e-06	2.8597083389903e-06	100000	278
